20	0	0	
21	0	0	
22	0	0	
23	0	0	
24	0	0	
25	0	0	
26	0	0	
27	0	0	
28	0	0	
29	0	0	
30	0	0	
31	0	0	
32	0	0	
33	0	0	
34	0	0	
35	0	0	
36	0	0	
37	0	0	
38	0	0	
39	0	0	
40	0	0	
41	0	0	
42	0	0	
43	0	0	
44	0	0	
45	0	0	
46	0	0	
47	0	0	
48	0	0	
49	0	0	
50	0	0	
51	0	0	
52	0	0	
53	0	0	
54	0	0	
55	0	0	
56	0	0	
57	0	0	
58	0	0	
59	0	0	
60	0	0	
61	0	0	
62	0	0	
63	0	0	
64	0	0	
65	0	0	
66	0	0	
67	0	0	
68	0	0	
69	0	0	
70	0	0	
71	0	0	
72	0	0	
73	0	0	
74	0	0	
75	0	0	
76	0	0	
77	0	0	
78	0	0	
79	0	0	
80	0	0	
81	0	0	
82	0	0	
83	0	0	
84	0	0	
85	0	0	
86	0	0	
87	0	0	
88	0	0	
89	0	0	
90	0	0	
91	0	0	
92	0	0	
93	0	0	
94	0	0	
95	0	0	
96	0	0	
97	0	0	
98	0	0	
99	0	0	
100	0	0	
20	2.4309e-21	0.1	
21	2.4309e-22	0.1	
22	2.4309e-23	0.1	
23	2.4309e-24	0.1	
24	2.4309e-25	0.1	
25	2.4309e-26	0.1	
26	2.4309e-27	0.1	
27	2.4309e-28	0.1	
28	2.4309e-29	0.1	
29	2.4309e-30	0.1	
30	2.4309e-31	0.1	
31	2.4309e-32	0.1	
32	2.4309e-33	0.1	
33	2.4309e-34	0.1	
34	2.4309e-35	0.1	
35	2.4309e-36	0.1	
36	2.4309e-37	0.1	
37	2.4309e-38	0.1	
38	2.4309e-39	0.1	
39	2.4309e-40	0.1	
40	2.4309e-41	0.1	
41	2.4309e-42	0.1	
42	2.4309e-43	0.1	
43	2.4309e-44	0.1	
44	2.4309e-45	0.1	
45	2.4309e-46	0.1	
46	2.4309e-47	0.1	
47	2.4309e-48	0.1	
48	2.4309e-49	0.1	
49	2.4309e-50	0.1	
50	2.4309e-51	0.1	
51	2.4309e-52	0.1	
52	2.4309e-53	0.1	
53	2.4309e-54	0.1	
54	2.4309e-55	0.1	
55	2.4309e-56	0.1	
56	2.4309e-57	0.1	
57	2.4309e-58	0.1	
58	2.4309e-59	0.1	
59	2.4309e-60	0.1	
60	2.4309e-61	0.1	
61	2.4309e-62	0.1	
62	2.4309e-63	0.1	
63	2.4309e-64	0.1	
64	2.4309e-65	0.1	
65	2.4309e-66	0.1	
66	2.4309e-67	0.1	
67	2.4309e-68	0.1	
68	2.4309e-69	0.1	
69	2.4309e-70	0.1	
70	2.4309e-71	0.1	
71	2.4309e-72	0.1	
72	2.4309e-73	0.1	
73	2.4309e-74	0.1	
74	2.4309e-75	0.1	
75	2.4309e-76	0.1	
76	2.4309e-77	0.1	
77	2.4309e-78	0.1	
78	2.4309e-79	0.1	
79	2.4309e-80	0.1	
80	2.4309e-81	0.1	
81	2.4309e-82	0.1	
82	2.4309e-83	0.1	
83	2.4309e-84	0.1	
84	2.4309e-85	0.1	
85	2.4309e-86	0.1	
86	2.4309e-87	0.1	
87	2.4309e-88	0.1	
88	2.4309e-89	0.1	
89	2.4309e-90	0.1	
90	2.4309e-91	0.1	
91	2.4309e-92	0.1	
92	2.4309e-93	0.1	
93	2.4309e-94	0.1	
94	2.4309e-95	0.1	
95	2.4309e-96	0.1	
96	2.4309e-97	0.1	
97	2.4309e-98	0.1	
98	2.4309e-99	0.1	
99	2.4309e-100	0.1	
100	2.4309e-101	0.1	
20	2.46091e-15	0.2	
21	4.92182e-16	0.2	
22	9.84365e-17	0.2	
23	1.96873e-17	0.2	
24	3.93746e-18	0.2	
25	7.87492e-19	0.2	
26	1.57498e-19	0.2	
27	3.14997e-20	0.2	
28	6.29993e-21	0.2	
29	1.25999e-21	0.2	
30	2.51997e-22	0.2	
31	5.03995e-23	0.2	
32	1.00799e-23	0.2	
33	2.01598e-24	0.2	
34	4.03196e-25	0.2	
35	8.06391e-26	0.2	
36	1.61278e-26	0.2	
37	3.22557e-27	0.2	
38	6.45113e-28	0.2	
39	1.29023e-28	0.2	
40	2.58045e-29	0.2	
41	5.1609e-30	0.2	
42	1.03218e-30	0.2	
43	2.06436e-31	0.2	
44	4.12872e-32	0.2	
45	8.25745e-33	0.2	
46	1.65149e-33	0.2	
47	3.30298e-34	0.2	
48	6.60596e-35	0.2	
49	1.32119e-35	0.2	
50	2.64238e-36	0.2	
51	5.28477e-37	0.2	
52	1.05695e-37	0.2	
53	2.11391e-38	0.2	
54	4.22781e-39	0.2	
55	8.45563e-40	0.2	
56	1.69113e-40	0.2	
57	3.38225e-41	0.2	
58	6.7645e-42	0.2	
59	1.3529e-42	0.2	
60	2.7058e-43	0.2	
61	5.4116e-44	0.2	
62	1.08232e-44	0.2	
63	2.16464e-45	0.2	
64	4.32928e-46	0.2	
65	8.65856e-47	0.2	
66	1.73171e-47	0.2	
67	3.46342e-48	0.2	
68	6.92685e-49	0.2	
69	1.38537e-49	0.2	
70	2.77074e-50	0.2	
71	5.54148e-51	0.2	
72	1.1083e-51	0.2	
73	2.21659e-52	0.2	
74	4.43318e-53	0.2	
75	8.86637e-54	0.2	
76	1.77327e-54	0.2	
77	3.54655e-55	0.2	
78	7.09309e-56	0.2	
79	1.41862e-56	0.2	
80	2.83724e-57	0.2	
81	5.67448e-58	0.2	
82	1.1349e-58	0.2	
83	2.26979e-59	0.2	
84	4.53958e-60	0.2	
85	9.07916e-61	0.2	
86	1.81583e-61	0.2	
87	3.63166e-62	0.2	
88	7.26333e-63	0.2	
89	1.45267e-63	0.2	
90	2.90533e-64	0.2	
91	5.81066e-65	0.2	
92	1.16213e-65	0.2	
93	2.32426e-66	0.2	
94	4.64853e-67	0.2	
95	9.29706e-68	0.2	
96	1.85941e-68	0.2	
97	3.71882e-69	0.2	
98	7.43765e-70	0.2	
99	1.48753e-70	0.2	
100	2.97506e-71	0.2	
20	7.82669e-12	0.3	
21	2.34801e-12	0.3	
22	7.04402e-13	0.3	
23	2.11321e-13	0.3	
24	6.33962e-14	0.3	
25	1.90189e-14	0.3	
26	5.70566e-15	0.3	
27	1.7117e-15	0.3	
28	5.13509e-16	0.3	
29	1.54053e-16	0.3	
30	4.62158e-17	0.3	
31	1.38648e-17	0.3	
32	4.15943e-18	0.3	
33	1.24783e-18	0.3	
34	3.74348e-19	0.3	
35	1.12304e-19	0.3	
36	3.36913e-20	0.3	
37	1.01074e-20	0.3	
38	3.03222e-21	0.3	
39	9.09666e-22	0.3	
40	2.729e-22	0.3	
41	8.187e-23	0.3	
42	2.4561e-23	0.3	
43	7.3683e-24	0.3	
44	2.21049e-24	0.3	
45	6.63147e-25	0.3	
46	1.98944e-25	0.3	
47	5.96832e-26	0.3	
48	1.7905e-26	0.3	
49	5.37149e-27	0.3	
50	1.61145e-27	0.3	
51	4.83434e-28	0.3	
52	1.4503e-28	0.3	
53	4.35091e-29	0.3	
54	1.30527e-29	0.3	
55	3.91582e-30	0.3	
56	1.17474e-30	0.3	
57	3.52423e-31	0.3	
58	1.05727e-31	0.3	
59	3.17181e-32	0.3	
60	9.51543e-33	0.3	
61	2.85463e-33	0.3	
62	8.56389e-34	0.3	
63	2.56917e-34	0.3	
64	7.7075e-35	0.3	
65	2.31225e-35	0.3	
66	6.93675e-36	0.3	
67	2.08102e-36	0.3	
68	6.24307e-37	0.3	
69	1.87292e-37	0.3	
70	5.61877e-38	0.3	
71	1.68563e-38	0.3	
72	5.05689e-39	0.3	
73	1.51707e-39	0.3	
74	4.5512e-40	0.3	
75	1.36536e-40	0.3	
76	4.09608e-41	0.3	
77	1.22882e-41	0.3	
78	3.68647e-42	0.3	
79	1.10594e-42	0.3	
80	3.31783e-43	0.3	
81	9.95348e-44	0.3	
82	2.98604e-44	0.3	
83	8.95813e-45	0.3	
84	2.68744e-45	0.3	
85	8.06232e-46	0.3	
86	2.41869e-46	0.3	
87	7.25608e-47	0.3	
88	2.17683e-47	0.3	
89	6.53048e-48	0.3	
90	1.95914e-48	0.3	
91	5.87743e-49	0.3	
92	1.76323e-49	0.3	
93	5.28969e-50	0.3	
94	1.58691e-50	0.3	
95	4.76072e-51	0.3	
96	1.42822e-51	0.3	
97	4.28465e-52	0.3	
98	1.28539e-52	0.3	
99	3.85618e-53	0.3	
100	1.15685e-53	0.3	
20	2.33038e-09	0.4	
21	9.32154e-10	0.4	
22	3.72862e-10	0.4	
23	1.49145e-10	0.4	
24	5.96579e-11	0.4	
25	2.38631e-11	0.4	
26	9.54526e-12	0.4	
27	3.8181e-12	0.4	
28	1.52724e-12	0.4	
29	6.10896e-13	0.4	
30	2.44359e-13	0.4	
31	9.77434e-14	0.4	
32	3.90974e-14	0.4	
33	1.56389e-14	0.4	
34	6.25558e-15	0.4	
35	2.50223e-15	0.4	
36	1.00089e-15	0.4	
37	4.00357e-16	0.4	
38	1.60143e-16	0.4	
39	6.40571e-17	0.4	
40	2.56229e-17	0.4	
41	1.02491e-17	0.4	
42	4.09966e-18	0.4	
43	1.63986e-18	0.4	
44	6.55945e-19	0.4	
45	2.62378e-19	0.4	
46	1.04951e-19	0.4	
47	4.19805e-20	0.4	
48	1.67922e-20	0.4	
49	6.71688e-21	0.4	
50	2.68675e-21	0.4	
51	1.0747e-21	0.4	
52	4.2988e-22	0.4	
53	1.71952e-22	0.4	
54	6.87808e-23	0.4	
55	2.75123e-23	0.4	
56	1.10049e-23	0.4	
57	4.40197e-24	0.4	
58	1.76079e-24	0.4	
59	7.04316e-25	0.4	
60	2.81726e-25	0.4	
61	1.1269e-25	0.4	
62	4.50762e-26	0.4	
63	1.80305e-26	0.4	
64	7.21219e-27	0.4	
65	2.88488e-27	0.4	
66	1.15395e-27	0.4	
67	4.6158e-28	0.4	
68	1.84632e-28	0.4	
69	7.38528e-29	0.4	
70	2.95411e-29	0.4	
71	1.18165e-29	0.4	
72	4.72658e-30	0.4	
73	1.89063e-30	0.4	
74	7.56253e-31	0.4	
75	3.02501e-31	0.4	
76	1.21001e-31	0.4	
77	4.84002e-32	0.4	
78	1.93601e-32	0.4	
79	7.74403e-33	0.4	
80	3.09761e-33	0.4	
81	1.23905e-33	0.4	
82	4.95618e-34	0.4	
83	1.98247e-34	0.4	
84	7.92989e-35	0.4	
85	3.17196e-35	0.4	
86	1.26878e-35	0.4	
87	5.07513e-36	0.4	
88	2.03005e-36	0.4	
89	8.12021e-37	0.4	
90	3.24808e-37	0.4	
91	1.29923e-37	0.4	
92	5.19693e-38	0.4	
93	2.07877e-38	0.4	
94	8.31509e-39	0.4	
95	3.32604e-39	0.4	
96	1.33041e-39	0.4	
97	5.32166e-40	0.4	
98	2.12866e-40	0.4	
99	8.51465e-41	0.4	
100	3.40586e-41	0.4	
20	1.87353e-07	0.5	
21	9.36763e-08	0.5	
22	4.68382e-08	0.5	
23	2.34191e-08	0.5	
24	1.17095e-08	0.5	
25	5.85477e-09	0.5	
26	2.92738e-09	0.5	
27	1.46369e-09	0.5	
28	7.31846e-10	0.5	
29	3.65923e-10	0.5	
30	1.82962e-10	0.5	
31	9.14808e-11	0.5	
32	4.57404e-11	0.5	
33	2.28702e-11	0.5	
34	1.14351e-11	0.5	
35	5.71755e-12	0.5	
36	2.85877e-12	0.5	
37	1.42939e-12	0.5	
38	7.14693e-13	0.5	
39	3.57347e-13	0.5	
40	1.78673e-13	0.5	
41	8.93367e-14	0.5	
42	4.46683e-14	0.5	
43	2.23342e-14	0.5	
44	1.11671e-14	0.5	
45	5.58354e-15	0.5	
46	2.79177e-15	0.5	
47	1.39589e-15	0.5	
48	6.97943e-16	0.5	
49	3.48971e-16	0.5	
50	1.74486e-16	0.5	
51	8.72428e-17	0.5	
52	4.36214e-17	0.5	
53	2.18107e-17	0.5	
54	1.09054e-17	0.5	
55	5.45268e-18	0.5	
56	2.72634e-18	0.5	
57	1.36317e-18	0.5	
58	6.81585e-19	0.5	
59	3.40792e-19	0.5	
60	1.70396e-19	0.5	
61	8.51981e-20	0.5	
62	4.2599e-20	0.5	
63	2.12995e-20	0.5	
64	1.06498e-20	0.5	
65	5.32488e-21	0.5	
66	2.66244e-21	0.5	
67	1.33122e-21	0.5	
68	6.6561e-22	0.5	
69	3.32805e-22	0.5	
70	1.66403e-22	0.5	
71	8.32013e-23	0.5	
72	4.16006e-23	0.5	
73	2.08003e-23	0.5	
74	1.04002e-23	0.5	
75	5.20008e-24	0.5	
76	2.60004e-24	0.5	
77	1.30002e-24	0.5	
78	6.5001e-25	0.5	
79	3.25005e-25	0.5	
80	1.62502e-25	0.5	
81	8.12512e-26	0.5	
82	4.06256e-26	0.5	
83	2.03128e-26	0.5	
84	1.01564e-26	0.5	
85	5.0782e-27	0.5	
86	2.5391e-27	0.5	
87	1.26955e-27	0.5	
88	6.34775e-28	0.5	
89	3.17388e-28	0.5	
90	1.58694e-28	0.5	
91	7.93469e-29	0.5	
92	3.96735e-29	0.5	
93	1.98367e-29	0.5	
94	9.91836e-30	0.5	
95	4.95918e-30	0.5	
96	2.47959e-30	0.5	
97	1.2398e-30	0.5	
98	6.19898e-31	0.5	
99	3.09949e-31	0.5	
100	1.54974e-31	0.5	
20	6.47091e-06	0.6	
21	3.88252e-06	0.6	
22	2.3295e-06	0.6	
23	1.3977e-06	0.6	
24	8.38617e-07	0.6	
25	5.0317e-07	0.6	
26	3.01902e-07	0.6	
27	1.81141e-07	0.6	
28	1.08685e-07	0.6	
29	6.52108e-08	0.6	
30	3.91265e-08	0.6	
31	2.34759e-08	0.6	
32	1.40855e-08	0.6	
33	8.45131e-09	0.6	
34	5.07079e-09	0.6	
35	3.04247e-09	0.6	
36	1.82548e-09	0.6	
37	1.09529e-09	0.6	
38	6.57174e-10	0.6	
39	3.94305e-10	0.6	
40	2.36583e-10	0.6	
41	1.4195e-10	0.6	
42	8.51698e-11	0.6	
43	5.11019e-11	0.6	
44	3.06611e-11	0.6	
45	1.83967e-11	0.6	
46	1.1038e-11	0.6	
47	6.6228e-12	0.6	
48	3.97368e-12	0.6	
49	2.38421e-12	0.6	
50	1.43053e-12	0.6	
51	8.58315e-13	0.6	
52	5.14989e-13	0.6	
53	3.08993e-13	0.6	
54	1.85396e-13	0.6	
55	1.11238e-13	0.6	
56	6.67426e-14	0.6	
57	4.00456e-14	0.6	
58	2.40273e-14	0.6	
59	1.44164e-14	0.6	
60	8.64984e-15	0.6	
61	5.1899e-15	0.6	
62	3.11394e-15	0.6	
63	1.86837e-15	0.6	
64	1.12102e-15	0.6	
65	6.72611e-16	0.6	
66	4.03567e-16	0.6	
67	2.4214e-16	0.6	
68	1.45284e-16	0.6	
69	8.71704e-17	0.6	
70	5.23023e-17	0.6	
71	3.13814e-17	0.6	
72	1.88288e-17	0.6	
73	1.12973e-17	0.6	
74	6.77837e-18	0.6	
75	4.06702e-18	0.6	
76	2.44021e-18	0.6	
77	1.46413e-18	0.6	
78	8.78477e-19	0.6	
79	5.27086e-19	0.6	
80	3.16252e-19	0.6	
81	1.89751e-19	0.6	
82	1.13851e-19	0.6	
83	6.83104e-20	0.6	
84	4.09862e-20	0.6	
85	2.45917e-20	0.6	
86	1.4755e-20	0.6	
87	8.85303e-21	0.6	
88	5.31182e-21	0.6	
89	3.18709e-21	0.6	
90	1.91225e-21	0.6	
91	1.14735e-21	0.6	
92	6.88411e-22	0.6	
93	4.13047e-22	0.6	
94	2.47828e-22	0.6	
95	1.48697e-22	0.6	
96	8.92181e-23	0.6	
97	5.35309e-23	0.6	
98	3.21185e-23	0.6	
99	1.92711e-23	0.6	
100	1.15627e-23	0.6	
20	0.000121316	0.7	
21	8.49111e-05	0.7	
22	5.94327e-05	0.7	
23	4.16004e-05	0.7	
24	2.91191e-05	0.7	
25	2.03828e-05	0.7	
26	1.42676e-05	0.7	
27	9.98721e-06	0.7	
28	6.99098e-06	0.7	
29	4.89365e-06	0.7	
30	3.42554e-06	0.7	
31	2.39787e-06	0.7	
32	1.6785e-06	0.7	
33	1.17495e-06	0.7	
34	8.22464e-07	0.7	
35	5.75725e-07	0.7	
36	4.03007e-07	0.7	
37	2.82105e-07	0.7	
38	1.97473e-07	0.7	
39	1.38231e-07	0.7	
40	9.67619e-08	0.7	
41	6.77333e-08	0.7	
42	4.74133e-08	0.7	
43	3.31893e-08	0.7	
44	2.32325e-08	0.7	
45	1.62628e-08	0.7	
46	1.13839e-08	0.7	
47	7.96875e-09	0.7	
48	5.57813e-09	0.7	
49	3.90469e-09	0.7	
50	2.73328e-09	0.7	
51	1.9133e-09	0.7	
52	1.33931e-09	0.7	
53	9.37516e-10	0.7	
54	6.56261e-10	0.7	
55	4.59383e-10	0.7	
56	3.21568e-10	0.7	
57	2.25098e-10	0.7	
58	1.57568e-10	0.7	
59	1.10298e-10	0.7	
60	7.72085e-11	0.7	
61	5.40459e-11	0.7	
62	3.78322e-11	0.7	
63	2.64825e-11	0.7	
64	1.85378e-11	0.7	
65	1.29764e-11	0.7	
66	9.0835e-12	0.7	
67	6.35845e-12	0.7	
68	4.45091e-12	0.7	
69	3.11564e-12	0.7	
70	2.18095e-12	0.7	
71	1.52666e-12	0.7	
72	1.06866e-12	0.7	
73	7.48065e-13	0.7	
74	5.23646e-13	0.7	
75	3.66552e-13	0.7	
76	2.56586e-13	0.7	
77	1.7961e-13	0.7	
78	1.25727e-13	0.7	
79	8.80091e-14	0.7	
80	6.16064e-14	0.7	
81	4.31245e-14	0.7	
82	3.01871e-14	0.7	
83	2.1131e-14	0.7	
84	1.47917e-14	0.7	
85	1.03542e-14	0.7	
86	7.24793e-15	0.7	
87	5.07355e-15	0.7	
88	3.55149e-15	0.7	
89	2.48604e-15	0.7	
90	1.74023e-15	0.7	
91	1.21816e-15	0.7	
92	8.52712e-16	0.7	
93	5.96898e-16	0.7	
94	4.17829e-16	0.7	
95	2.9248e-16	0.7	
96	2.04736e-16	0.7	
97	1.43315e-16	0.7	
98	1.00321e-16	0.7	
99	7.02245e-17	0.7	
100	4.91571e-17	0.7	
20	0.0013794	0.8	
21	0.00110199	0.8	
22	0.000880624	0.8	
23	0.000703879	0.8	
24	0.000562707	0.8	
25	0.000449912	0.8	
26	0.000359768	0.8	
27	0.000287711	0.8	
28	0.000230102	0.8	
29	0.000184039	0.8	
30	0.000147204	0.8	
31	0.000117746	0.8	
32	9.41859e-05	0.8	
33	7.53416e-05	0.8	
34	6.02687e-05	0.8	
35	4.82121e-05	0.8	
36	3.85678e-05	0.8	
37	3.08531e-05	0.8	
38	2.46817e-05	0.8	
39	1.97449e-05	0.8	
40	1.57956e-05	0.8	
41	1.26363e-05	0.8	
42	1.01089e-05	0.8	
43	8.08702e-06	0.8	
44	6.46957e-06	0.8	
45	5.17562e-06	0.8	
46	4.14047e-06	0.8	
47	3.31237e-06	0.8	
48	2.64988e-06	0.8	
49	2.1199e-06	0.8	
50	1.69592e-06	0.8	
51	1.35673e-06	0.8	
52	1.08538e-06	0.8	
53	8.68306e-07	0.8	
54	6.94644e-07	0.8	
55	5.55715e-07	0.8	
56	4.44572e-07	0.8	
57	3.55657e-07	0.8	
58	2.84526e-07	0.8	
59	2.27621e-07	0.8	
60	1.82096e-07	0.8	
61	1.45677e-07	0.8	
62	1.16542e-07	0.8	
63	9.32333e-08	0.8	
64	7.45866e-08	0.8	
65	5.96693e-08	0.8	
66	4.77354e-08	0.8	
67	3.81884e-08	0.8	
68	3.05507e-08	0.8	
69	2.44405e-08	0.8	
70	1.95524e-08	0.8	
71	1.56419e-08	0.8	
72	1.25136e-08	0.8	
73	1.00108e-08	0.8	
74	8.00868e-09	0.8	
75	6.40694e-09	0.8	
76	5.12555e-09	0.8	
77	4.10044e-09	0.8	
78	3.28035e-09	0.8	
79	2.62428e-09	0.8	
80	2.09943e-09	0.8	
81	1.67954e-09	0.8	
82	1.34363e-09	0.8	
83	1.07491e-09	0.8	
84	8.59925e-10	0.8	
85	6.8794e-10	0.8	
86	5.50352e-10	0.8	
87	4.40282e-10	0.8	
88	3.52225e-10	0.8	
89	2.8178e-10	0.8	
90	2.25424e-10	0.8	
91	1.80339e-10	0.8	
92	1.44271e-10	0.8	
93	1.15417e-10	0.8	
94	9.23338e-11	0.8	
95	7.3867e-11	0.8	
96	5.90936e-11	0.8	
97	4.72749e-11	0.8	
98	3.78199e-11	0.8	
99	3.02559e-11	0.8	
100	2.42047e-11	0.8	
20	0.00967602	0.9	
21	0.00862415	0.9	
22	0.0076948	0.9	
23	0.00687203	0.9	
24	0.00614233	0.9	
25	0.00549414	0.9	
26	0.00491756	0.9	
27	0.00440404	0.9	
28	0.00394618	0.9	
29	0.00353754	0.9	
30	0.00317253	0.9	
31	0.00284622	0.9	
32	0.0025543	0.9	
33	0.002293	0.9	
34	0.00205897	0.9	
35	0.00184926	0.9	
36	0.00166125	0.9	
37	0.00149264	0.9	
38	0.00134137	0.9	
39	0.00120562	0.9	
40	0.00108375	0.9	
41	0.000974316	0.9	
42	0.00087603	0.9	
43	0.000787736	0.9	
44	0.000708404	0.9	
45	0.000637112	0.9	
46	0.000573036	0.9	
47	0.000515437	0.9	
48	0.000463654	0.9	
49	0.000417095	0.9	
50	0.000375229	0.9	
51	0.000337579	0.9	
52	0.000303719	0.9	
53	0.000273264	0.9	
54	0.00024587	0.9	
55	0.000221229	0.9	
56	0.000199062	0.9	
57	0.00017912	0.9	
58	0.000161179	0.9	
59	0.000145038	0.9	
60	0.000130515	0.9	
61	0.000117448	0.9	
62	0.000105691	0.9	
63	9.51119e-05	0.9	
64	8.55926e-05	0.9	
65	7.70267e-05	0.9	
66	6.93187e-05	0.9	
67	6.23825e-05	0.9	
68	5.61408e-05	0.9	
69	5.05238e-05	0.9	
70	4.54692e-05	0.9	
71	4.09204e-05	0.9	
72	3.68268e-05	0.9	
73	3.31429e-05	0.9	
74	2.98277e-05	0.9	
75	2.68441e-05	0.9	
76	2.4159e-05	0.9	
77	2.17426e-05	0.9	
78	1.95679e-05	0.9	
79	1.76108e-05	0.9	
80	1.58494e-05	0.9	
81	1.42643e-05	0.9	
82	1.28376e-05	0.9	
83	1.15537e-05	0.9	
84	1.03982e-05	0.9	
85	9.35832e-06	0.9	
86	8.42241e-06	0.9	
87	7.5801e-06	0.9	
88	6.82204e-06	0.9	
89	6.13979e-06	0.9	
90	5.52578e-06	0.9	
91	4.97318e-06	0.9	
92	4.47584e-06	0.9	
93	4.02823e-06	0.9	
94	3.6254e-06	0.9	
95	3.26284e-06	0.9	
96	2.93655e-06	0.9	
97	2.64289e-06	0.9	
98	2.37859e-06	0.9	
99	2.14073e-06	0.9	
100	1.92665e-06	0.9	
20	0.0400563	1	
21	0.0384518	1	
22	0.0369732	1	
23	0.0356062	1	
24	0.0343384	1	
25	0.0331593	1	
26	0.0320597	1	
27	0.0310319	1	
28	0.0300689	1	
29	0.0291648	1	
30	0.0283142	1	
31	0.0275125	1	
32	0.0267556	1	
33	0.0260397	1	
34	0.0253617	1	
35	0.0247184	1	
36	0.0241074	1	
37	0.0235263	1	
38	0.0229728	1	
39	0.022445	1	
40	0.0219413	1	
41	0.0214598	1	
42	0.0209993	1	
43	0.0205583	1	
44	0.0201357	1	
45	0.0197302	1	
46	0.019341	1	
47	0.0189669	1	
48	0.0186071	1	
49	0.0182609	1	
50	0.0179275	1	
51	0.0176061	1	
52	0.0172961	1	
53	0.0169969	1	
54	0.016708	1	
55	0.0164289	1	
56	0.016159	1	
57	0.0158979	1	
58	0.0156451	1	
59	0.0154004	1	
60	0.0151632	1	
61	0.0149333	1	
62	0.0147103	1	
63	0.0144939	1	
64	0.0142838	1	
65	0.0140798	1	
66	0.0138815	1	
67	0.0136888	1	
68	0.0135014	1	
69	0.0133192	1	
70	0.0131418	1	
71	0.0129691	1	
72	0.0128009	1	
73	0.012637	1	
74	0.0124773	1	
75	0.0123216	1	
76	0.0121698	1	
77	0.0120217	1	
78	0.0118772	1	
79	0.0117361	1	
80	0.0115984	1	
81	0.0114638	1	
82	0.0113324	1	
83	0.011204	1	
84	0.0110785	1	
85	0.0109557	1	
86	0.0108357	1	
87	0.0107183	1	
88	0.0106034	1	
89	0.010491	1	
90	0.0103809	1	
91	0.0102732	1	
92	0.0101676	1	
93	0.0100642	1	
94	0.00996295	1	
95	0.00986369	1	
96	0.0097664	1	
97	0.00967102	1	
98	0.00957749	1	
99	0.00948576	1	
100	0.00939578	1	
20	0.0988258	1.1	
21	0.0979652	1.1	
22	0.0972048	1.1	
23	0.0965317	1.1	
24	0.0959346	1.1	
25	0.0954043	1.1	
26	0.0949325	1.1	
27	0.0945124	1.1	
28	0.0941378	1.1	
29	0.0938034	1.1	
30	0.0935048	1.1	
31	0.0932378	1.1	
32	0.092999	1.1	
33	0.0927852	1.1	
34	0.0925937	1.1	
35	0.0924221	1.1	
36	0.0922683	1.1	
37	0.0921303	1.1	
38	0.0920066	1.1	
39	0.0918955	1.1	
40	0.0917958	1.1	
41	0.0917063	1.1	
42	0.0916258	1.1	
43	0.0915536	1.1	
44	0.0914887	1.1	
45	0.0914304	1.1	
46	0.0913779	1.1	
47	0.0913308	1.1	
48	0.0912884	1.1	
49	0.0912504	1.1	
50	0.0912161	1.1	
51	0.0911853	1.1	
52	0.0911576	1.1	
53	0.0911327	1.1	
54	0.0911103	1.1	
55	0.0910901	1.1	
56	0.091072	1.1	
57	0.0910556	1.1	
58	0.091041	1.1	
59	0.0910278	1.1	
60	0.0910159	1.1	
61	0.0910052	1.1	
62	0.0909956	1.1	
63	0.0909869	1.1	
64	0.0909791	1.1	
65	0.0909721	1.1	
66	0.0909658	1.1	
67	0.0909601	1.1	
68	0.090955	1.1	
69	0.0909504	1.1	
70	0.0909463	1.1	
71	0.0909426	1.1	
72	0.0909392	1.1	
73	0.0909362	1.1	
74	0.0909335	1.1	
75	0.0909311	1.1	
76	0.0909289	1.1	
77	0.0909269	1.1	
78	0.0909251	1.1	
79	0.0909235	1.1	
80	0.0909221	1.1	
81	0.0909208	1.1	
82	0.0909196	1.1	
83	0.0909185	1.1	
84	0.0909176	1.1	
85	0.0909167	1.1	
86	0.090916	1.1	
87	0.0909153	1.1	
88	0.0909147	1.1	
89	0.0909141	1.1	
90	0.0909136	1.1	
91	0.0909132	1.1	
92	0.0909128	1.1	
93	0.0909124	1.1	
94	0.0909121	1.1	
95	0.0909118	1.1	
96	0.0909115	1.1	
97	0.0909113	1.1	
98	0.090911	1.1	
99	0.0909108	1.1	
100	0.0909107	1.1	
20	0.167586	1.2	
21	0.167401	1.2	
22	0.167254	1.2	
23	0.167136	1.2	
24	0.167042	1.2	
25	0.166967	1.2	
26	0.166907	1.2	
27	0.166858	1.2	
28	0.16682	1.2	
29	0.166789	1.2	
30	0.166765	1.2	
31	0.166745	1.2	
32	0.166729	1.2	
33	0.166717	1.2	
34	0.166707	1.2	
35	0.166699	1.2	
36	0.166692	1.2	
37	0.166687	1.2	
38	0.166683	1.2	
39	0.16668	1.2	
40	0.166677	1.2	
41	0.166675	1.2	
42	0.166673	1.2	
43	0.166672	1.2	
44	0.166671	1.2	
45	0.16667	1.2	
46	0.166669	1.2	
47	0.166669	1.2	
48	0.166668	1.2	
49	0.166668	1.2	
50	0.166668	1.2	
51	0.166668	1.2	
52	0.166667	1.2	
53	0.166667	1.2	
54	0.166667	1.2	
55	0.166667	1.2	
56	0.166667	1.2	
57	0.166667	1.2	
58	0.166667	1.2	
59	0.166667	1.2	
60	0.166667	1.2	
61	0.166667	1.2	
62	0.166667	1.2	
63	0.166667	1.2	
64	0.166667	1.2	
65	0.166667	1.2	
66	0.166667	1.2	
67	0.166667	1.2	
68	0.166667	1.2	
69	0.166667	1.2	
70	0.166667	1.2	
71	0.166667	1.2	
72	0.166667	1.2	
73	0.166667	1.2	
74	0.166667	1.2	
75	0.166667	1.2	
76	0.166667	1.2	
77	0.166667	1.2	
78	0.166667	1.2	
79	0.166667	1.2	
80	0.166667	1.2	
81	0.166667	1.2	
82	0.166667	1.2	
83	0.166667	1.2	
84	0.166667	1.2	
85	0.166667	1.2	
86	0.166667	1.2	
87	0.166667	1.2	
88	0.166667	1.2	
89	0.166667	1.2	
90	0.166667	1.2	
91	0.166667	1.2	
92	0.166667	1.2	
93	0.166667	1.2	
94	0.166667	1.2	
95	0.166667	1.2	
96	0.166667	1.2	
97	0.166667	1.2	
98	0.166667	1.2	
99	0.166667	1.2	
100	0.166667	1.2	
20	0.230835	1.3	
21	0.230815	1.3	
22	0.230801	1.3	
23	0.230792	1.3	
24	0.230785	1.3	
25	0.23078	1.3	
26	0.230777	1.3	
27	0.230775	1.3	
28	0.230773	1.3	
29	0.230772	1.3	
30	0.230771	1.3	
31	0.230771	1.3	
32	0.23077	1.3	
33	0.23077	1.3	
34	0.23077	1.3	
35	0.23077	1.3	
36	0.230769	1.3	
37	0.230769	1.3	
38	0.230769	1.3	
39	0.230769	1.3	
40	0.230769	1.3	
41	0.230769	1.3	
42	0.230769	1.3	
43	0.230769	1.3	
44	0.230769	1.3	
45	0.230769	1.3	
46	0.230769	1.3	
47	0.230769	1.3	
48	0.230769	1.3	
49	0.230769	1.3	
50	0.230769	1.3	
51	0.230769	1.3	
52	0.230769	1.3	
53	0.230769	1.3	
54	0.230769	1.3	
55	0.230769	1.3	
56	0.230769	1.3	
57	0.230769	1.3	
58	0.230769	1.3	
59	0.230769	1.3	
60	0.230769	1.3	
61	0.230769	1.3	
62	0.230769	1.3	
63	0.230769	1.3	
64	0.230769	1.3	
65	0.230769	1.3	
66	0.230769	1.3	
67	0.230769	1.3	
68	0.230769	1.3	
69	0.230769	1.3	
70	0.230769	1.3	
71	0.230769	1.3	
72	0.230769	1.3	
73	0.230769	1.3	
74	0.230769	1.3	
75	0.230769	1.3	
76	0.230769	1.3	
77	0.230769	1.3	
78	0.230769	1.3	
79	0.230769	1.3	
80	0.230769	1.3	
81	0.230769	1.3	
82	0.230769	1.3	
83	0.230769	1.3	
84	0.230769	1.3	
85	0.230769	1.3	
86	0.230769	1.3	
87	0.230769	1.3	
88	0.230769	1.3	
89	0.230769	1.3	
90	0.230769	1.3	
91	0.230769	1.3	
92	0.230769	1.3	
93	0.230769	1.3	
94	0.230769	1.3	
95	0.230769	1.3	
96	0.230769	1.3	
97	0.230769	1.3	
98	0.230769	1.3	
99	0.230769	1.3	
100	0.230769	1.3	
20	0.285717	1.4	
21	0.285716	1.4	
22	0.285715	1.4	
23	0.285715	1.4	
24	0.285715	1.4	
25	0.285715	1.4	
26	0.285714	1.4	
27	0.285714	1.4	
28	0.285714	1.4	
29	0.285714	1.4	
30	0.285714	1.4	
31	0.285714	1.4	
32	0.285714	1.4	
33	0.285714	1.4	
34	0.285714	1.4	
35	0.285714	1.4	
36	0.285714	1.4	
37	0.285714	1.4	
38	0.285714	1.4	
39	0.285714	1.4	
40	0.285714	1.4	
41	0.285714	1.4	
42	0.285714	1.4	
43	0.285714	1.4	
44	0.285714	1.4	
45	0.285714	1.4	
46	0.285714	1.4	
47	0.285714	1.4	
48	0.285714	1.4	
49	0.285714	1.4	
50	0.285714	1.4	
51	0.285714	1.4	
52	0.285714	1.4	
53	0.285714	1.4	
54	0.285714	1.4	
55	0.285714	1.4	
56	0.285714	1.4	
57	0.285714	1.4	
58	0.285714	1.4	
59	0.285714	1.4	
60	0.285714	1.4	
61	0.285714	1.4	
62	0.285714	1.4	
63	0.285714	1.4	
64	0.285714	1.4	
65	0.285714	1.4	
66	0.285714	1.4	
67	0.285714	1.4	
68	0.285714	1.4	
69	0.285714	1.4	
70	0.285714	1.4	
71	0.285714	1.4	
72	0.285714	1.4	
73	0.285714	1.4	
74	0.285714	1.4	
75	0.285714	1.4	
76	0.285714	1.4	
77	0.285714	1.4	
78	0.285714	1.4	
79	0.285714	1.4	
80	0.285714	1.4	
81	0.285714	1.4	
82	0.285714	1.4	
83	0.285714	1.4	
84	0.285714	1.4	
85	0.285714	1.4	
86	0.285714	1.4	
87	0.285714	1.4	
88	0.285714	1.4	
89	0.285714	1.4	
90	0.285714	1.4	
91	0.285714	1.4	
92	0.285714	1.4	
93	0.285714	1.4	
94	0.285714	1.4	
95	0.285714	1.4	
96	0.285714	1.4	
97	0.285714	1.4	
98	0.285714	1.4	
99	0.285714	1.4	
100	0.285714	1.4	
20	0.333333	1.5	
21	0.333333	1.5	
22	0.333333	1.5	
23	0.333333	1.5	
24	0.333333	1.5	
25	0.333333	1.5	
26	0.333333	1.5	
27	0.333333	1.5	
28	0.333333	1.5	
29	0.333333	1.5	
30	0.333333	1.5	
31	0.333333	1.5	
32	0.333333	1.5	
33	0.333333	1.5	
34	0.333333	1.5	
35	0.333333	1.5	
36	0.333333	1.5	
37	0.333333	1.5	
38	0.333333	1.5	
39	0.333333	1.5	
40	0.333333	1.5	
41	0.333333	1.5	
42	0.333333	1.5	
43	0.333333	1.5	
44	0.333333	1.5	
45	0.333333	1.5	
46	0.333333	1.5	
47	0.333333	1.5	
48	0.333333	1.5	
49	0.333333	1.5	
50	0.333333	1.5	
51	0.333333	1.5	
52	0.333333	1.5	
53	0.333333	1.5	
54	0.333333	1.5	
55	0.333333	1.5	
56	0.333333	1.5	
57	0.333333	1.5	
58	0.333333	1.5	
59	0.333333	1.5	
60	0.333333	1.5	
61	0.333333	1.5	
62	0.333333	1.5	
63	0.333333	1.5	
64	0.333333	1.5	
65	0.333333	1.5	
66	0.333333	1.5	
67	0.333333	1.5	
68	0.333333	1.5	
69	0.333333	1.5	
70	0.333333	1.5	
71	0.333333	1.5	
72	0.333333	1.5	
73	0.333333	1.5	
74	0.333333	1.5	
75	0.333333	1.5	
76	0.333333	1.5	
77	0.333333	1.5	
78	0.333333	1.5	
79	0.333333	1.5	
80	0.333333	1.5	
81	0.333333	1.5	
82	0.333333	1.5	
83	0.333333	1.5	
84	0.333333	1.5	
85	0.333333	1.5	
86	0.333333	1.5	
87	0.333333	1.5	
88	0.333333	1.5	
89	0.333333	1.5	
90	0.333333	1.5	
91	0.333333	1.5	
92	0.333333	1.5	
93	0.333333	1.5	
94	0.333333	1.5	
95	0.333333	1.5	
96	0.333333	1.5	
97	0.333333	1.5	
98	0.333333	1.5	
99	0.333333	1.5	
100	0.333333	1.5	
20	0.375	1.6	
21	0.375	1.6	
22	0.375	1.6	
23	0.375	1.6	
24	0.375	1.6	
25	0.375	1.6	
26	0.375	1.6	
27	0.375	1.6	
28	0.375	1.6	
29	0.375	1.6	
30	0.375	1.6	
31	0.375	1.6	
32	0.375	1.6	
33	0.375	1.6	
34	0.375	1.6	
35	0.375	1.6	
36	0.375	1.6	
37	0.375	1.6	
38	0.375	1.6	
39	0.375	1.6	
40	0.375	1.6	
41	0.375	1.6	
42	0.375	1.6	
43	0.375	1.6	
44	0.375	1.6	
45	0.375	1.6	
46	0.375	1.6	
47	0.375	1.6	
48	0.375	1.6	
49	0.375	1.6	
50	0.375	1.6	
51	0.375	1.6	
52	0.375	1.6	
53	0.375	1.6	
54	0.375	1.6	
55	0.375	1.6	
56	0.375	1.6	
57	0.375	1.6	
58	0.375	1.6	
59	0.375	1.6	
60	0.375	1.6	
61	0.375	1.6	
62	0.375	1.6	
63	0.375	1.6	
64	0.375	1.6	
65	0.375	1.6	
66	0.375	1.6	
67	0.375	1.6	
68	0.375	1.6	
69	0.375	1.6	
70	0.375	1.6	
71	0.375	1.6	
72	0.375	1.6	
73	0.375	1.6	
74	0.375	1.6	
75	0.375	1.6	
76	0.375	1.6	
77	0.375	1.6	
78	0.375	1.6	
79	0.375	1.6	
80	0.375	1.6	
81	0.375	1.6	
82	0.375	1.6	
83	0.375	1.6	
84	0.375	1.6	
85	0.375	1.6	
86	0.375	1.6	
87	0.375	1.6	
88	0.375	1.6	
89	0.375	1.6	
90	0.375	1.6	
91	0.375	1.6	
92	0.375	1.6	
93	0.375	1.6	
94	0.375	1.6	
95	0.375	1.6	
96	0.375	1.6	
97	0.375	1.6	
98	0.375	1.6	
99	0.375	1.6	
100	0.375	1.6	
20	0.411765	1.7	
21	0.411765	1.7	
22	0.411765	1.7	
23	0.411765	1.7	
24	0.411765	1.7	
25	0.411765	1.7	
26	0.411765	1.7	
27	0.411765	1.7	
28	0.411765	1.7	
29	0.411765	1.7	
30	0.411765	1.7	
31	0.411765	1.7	
32	0.411765	1.7	
33	0.411765	1.7	
34	0.411765	1.7	
35	0.411765	1.7	
36	0.411765	1.7	
37	0.411765	1.7	
38	0.411765	1.7	
39	0.411765	1.7	
40	0.411765	1.7	
41	0.411765	1.7	
42	0.411765	1.7	
43	0.411765	1.7	
44	0.411765	1.7	
45	0.411765	1.7	
46	0.411765	1.7	
47	0.411765	1.7	
48	0.411765	1.7	
49	0.411765	1.7	
50	0.411765	1.7	
51	0.411765	1.7	
52	0.411765	1.7	
53	0.411765	1.7	
54	0.411765	1.7	
55	0.411765	1.7	
56	0.411765	1.7	
57	0.411765	1.7	
58	0.411765	1.7	
59	0.411765	1.7	
60	0.411765	1.7	
61	0.411765	1.7	
62	0.411765	1.7	
63	0.411765	1.7	
64	0.411765	1.7	
65	0.411765	1.7	
66	0.411765	1.7	
67	0.411765	1.7	
68	0.411765	1.7	
69	0.411765	1.7	
70	0.411765	1.7	
71	0.411765	1.7	
72	0.411765	1.7	
73	0.411765	1.7	
74	0.411765	1.7	
75	0.411765	1.7	
76	0.411765	1.7	
77	0.411765	1.7	
78	0.411765	1.7	
79	0.411765	1.7	
80	0.411765	1.7	
81	0.411765	1.7	
82	0.411765	1.7	
83	0.411765	1.7	
84	0.411765	1.7	
85	0.411765	1.7	
86	0.411765	1.7	
87	0.411765	1.7	
88	0.411765	1.7	
89	0.411765	1.7	
90	0.411765	1.7	
91	0.411765	1.7	
92	0.411765	1.7	
93	0.411765	1.7	
94	0.411765	1.7	
95	0.411765	1.7	
96	0.411765	1.7	
97	0.411765	1.7	
98	0.411765	1.7	
99	0.411765	1.7	
100	0.411765	1.7	
20	0.444444	1.8	
21	0.444444	1.8	
22	0.444444	1.8	
23	0.444444	1.8	
24	0.444444	1.8	
25	0.444444	1.8	
26	0.444444	1.8	
27	0.444444	1.8	
28	0.444444	1.8	
29	0.444444	1.8	
30	0.444444	1.8	
31	0.444444	1.8	
32	0.444444	1.8	
33	0.444444	1.8	
34	0.444444	1.8	
35	0.444444	1.8	
36	0.444444	1.8	
37	0.444444	1.8	
38	0.444444	1.8	
39	0.444444	1.8	
40	0.444444	1.8	
41	0.444444	1.8	
42	0.444444	1.8	
43	0.444444	1.8	
44	0.444444	1.8	
45	0.444444	1.8	
46	0.444444	1.8	
47	0.444444	1.8	
48	0.444444	1.8	
49	0.444444	1.8	
50	0.444444	1.8	
51	0.444444	1.8	
52	0.444444	1.8	
53	0.444444	1.8	
54	0.444444	1.8	
55	0.444444	1.8	
56	0.444444	1.8	
57	0.444444	1.8	
58	0.444444	1.8	
59	0.444444	1.8	
60	0.444444	1.8	
61	0.444444	1.8	
62	0.444444	1.8	
63	0.444444	1.8	
64	0.444444	1.8	
65	0.444444	1.8	
66	0.444444	1.8	
67	0.444444	1.8	
68	0.444444	1.8	
69	0.444444	1.8	
70	0.444444	1.8	
71	0.444444	1.8	
72	0.444444	1.8	
73	0.444444	1.8	
74	0.444444	1.8	
75	0.444444	1.8	
76	0.444444	1.8	
77	0.444444	1.8	
78	0.444444	1.8	
79	0.444444	1.8	
80	0.444444	1.8	
81	0.444444	1.8	
82	0.444444	1.8	
83	0.444444	1.8	
84	0.444444	1.8	
85	0.444444	1.8	
86	0.444444	1.8	
87	0.444444	1.8	
88	0.444444	1.8	
89	0.444444	1.8	
90	0.444444	1.8	
91	0.444444	1.8	
92	0.444444	1.8	
93	0.444444	1.8	
94	0.444444	1.8	
95	0.444444	1.8	
96	0.444444	1.8	
97	0.444444	1.8	
98	0.444444	1.8	
99	0.444444	1.8	
100	0.444444	1.8	
20	0.473684	1.9	
21	0.473684	1.9	
22	0.473684	1.9	
23	0.473684	1.9	
24	0.473684	1.9	
25	0.473684	1.9	
26	0.473684	1.9	
27	0.473684	1.9	
28	0.473684	1.9	
29	0.473684	1.9	
30	0.473684	1.9	
31	0.473684	1.9	
32	0.473684	1.9	
33	0.473684	1.9	
34	0.473684	1.9	
35	0.473684	1.9	
36	0.473684	1.9	
37	0.473684	1.9	
38	0.473684	1.9	
39	0.473684	1.9	
40	0.473684	1.9	
41	0.473684	1.9	
42	0.473684	1.9	
43	0.473684	1.9	
44	0.473684	1.9	
45	0.473684	1.9	
46	0.473684	1.9	
47	0.473684	1.9	
48	0.473684	1.9	
49	0.473684	1.9	
50	0.473684	1.9	
51	0.473684	1.9	
52	0.473684	1.9	
53	0.473684	1.9	
54	0.473684	1.9	
55	0.473684	1.9	
56	0.473684	1.9	
57	0.473684	1.9	
58	0.473684	1.9	
59	0.473684	1.9	
60	0.473684	1.9	
61	0.473684	1.9	
62	0.473684	1.9	
63	0.473684	1.9	
64	0.473684	1.9	
65	0.473684	1.9	
66	0.473684	1.9	
67	0.473684	1.9	
68	0.473684	1.9	
69	0.473684	1.9	
70	0.473684	1.9	
71	0.473684	1.9	
72	0.473684	1.9	
73	0.473684	1.9	
74	0.473684	1.9	
75	0.473684	1.9	
76	0.473684	1.9	
77	0.473684	1.9	
78	0.473684	1.9	
79	0.473684	1.9	
80	0.473684	1.9	
81	0.473684	1.9	
82	0.473684	1.9	
83	0.473684	1.9	
84	0.473684	1.9	
85	0.473684	1.9	
86	0.473684	1.9	
87	0.473684	1.9	
88	0.473684	1.9	
89	0.473684	1.9	
90	0.473684	1.9	
91	0.473684	1.9	
92	0.473684	1.9	
93	0.473684	1.9	
94	0.473684	1.9	
95	0.473684	1.9	
96	0.473684	1.9	
97	0.473684	1.9	
98	0.473684	1.9	
99	0.473684	1.9	
100	0.473684	1.9	
20	0.5	2	
21	0.5	2	
22	0.5	2	
23	0.5	2	
24	0.5	2	
25	0.5	2	
26	0.5	2	
27	0.5	2	
28	0.5	2	
29	0.5	2	
30	0.5	2	
31	0.5	2	
32	0.5	2	
33	0.5	2	
34	0.5	2	
35	0.5	2	
36	0.5	2	
37	0.5	2	
38	0.5	2	
39	0.5	2	
40	0.5	2	
41	0.5	2	
42	0.5	2	
43	0.5	2	
44	0.5	2	
45	0.5	2	
46	0.5	2	
47	0.5	2	
48	0.5	2	
49	0.5	2	
50	0.5	2	
51	0.5	2	
52	0.5	2	
53	0.5	2	
54	0.5	2	
55	0.5	2	
56	0.5	2	
57	0.5	2	
58	0.5	2	
59	0.5	2	
60	0.5	2	
61	0.5	2	
62	0.5	2	
63	0.5	2	
64	0.5	2	
65	0.5	2	
66	0.5	2	
67	0.5	2	
68	0.5	2	
69	0.5	2	
70	0.5	2	
71	0.5	2	
72	0.5	2	
73	0.5	2	
74	0.5	2	
75	0.5	2	
76	0.5	2	
77	0.5	2	
78	0.5	2	
79	0.5	2	
80	0.5	2	
81	0.5	2	
82	0.5	2	
83	0.5	2	
84	0.5	2	
85	0.5	2	
86	0.5	2	
87	0.5	2	
88	0.5	2	
89	0.5	2	
90	0.5	2	
91	0.5	2	
92	0.5	2	
93	0.5	2	
94	0.5	2	
95	0.5	2	
96	0.5	2	
97	0.5	2	
98	0.5	2	
99	0.5	2	
100	0.5	2	
20	0.52381	2.1	
21	0.52381	2.1	
22	0.52381	2.1	
23	0.52381	2.1	
24	0.52381	2.1	
25	0.52381	2.1	
26	0.52381	2.1	
27	0.52381	2.1	
28	0.52381	2.1	
29	0.52381	2.1	
30	0.52381	2.1	
31	0.52381	2.1	
32	0.52381	2.1	
33	0.52381	2.1	
34	0.52381	2.1	
35	0.52381	2.1	
36	0.52381	2.1	
37	0.52381	2.1	
38	0.52381	2.1	
39	0.52381	2.1	
40	0.52381	2.1	
41	0.52381	2.1	
42	0.52381	2.1	
43	0.52381	2.1	
44	0.52381	2.1	
45	0.52381	2.1	
46	0.52381	2.1	
47	0.52381	2.1	
48	0.52381	2.1	
49	0.52381	2.1	
50	0.52381	2.1	
51	0.52381	2.1	
52	0.52381	2.1	
53	0.52381	2.1	
54	0.52381	2.1	
55	0.52381	2.1	
56	0.52381	2.1	
57	0.52381	2.1	
58	0.52381	2.1	
59	0.52381	2.1	
60	0.52381	2.1	
61	0.52381	2.1	
62	0.52381	2.1	
63	0.52381	2.1	
64	0.52381	2.1	
65	0.52381	2.1	
66	0.52381	2.1	
67	0.52381	2.1	
68	0.52381	2.1	
69	0.52381	2.1	
70	0.52381	2.1	
71	0.52381	2.1	
72	0.52381	2.1	
73	0.52381	2.1	
74	0.52381	2.1	
75	0.52381	2.1	
76	0.52381	2.1	
77	0.52381	2.1	
78	0.52381	2.1	
79	0.52381	2.1	
80	0.52381	2.1	
81	0.52381	2.1	
82	0.52381	2.1	
83	0.52381	2.1	
84	0.52381	2.1	
85	0.52381	2.1	
86	0.52381	2.1	
87	0.52381	2.1	
88	0.52381	2.1	
89	0.52381	2.1	
90	0.52381	2.1	
91	0.52381	2.1	
92	0.52381	2.1	
93	0.52381	2.1	
94	0.52381	2.1	
95	0.52381	2.1	
96	0.52381	2.1	
97	0.52381	2.1	
98	0.52381	2.1	
99	0.52381	2.1	
100	0.52381	2.1	
20	0.545455	2.2	
21	0.545455	2.2	
22	0.545455	2.2	
23	0.545455	2.2	
24	0.545455	2.2	
25	0.545455	2.2	
26	0.545455	2.2	
27	0.545455	2.2	
28	0.545455	2.2	
29	0.545455	2.2	
30	0.545455	2.2	
31	0.545455	2.2	
32	0.545455	2.2	
33	0.545455	2.2	
34	0.545455	2.2	
35	0.545455	2.2	
36	0.545455	2.2	
37	0.545455	2.2	
38	0.545455	2.2	
39	0.545455	2.2	
40	0.545455	2.2	
41	0.545455	2.2	
42	0.545455	2.2	
43	0.545455	2.2	
44	0.545455	2.2	
45	0.545455	2.2	
46	0.545455	2.2	
47	0.545455	2.2	
48	0.545455	2.2	
49	0.545455	2.2	
50	0.545455	2.2	
51	0.545455	2.2	
52	0.545455	2.2	
53	0.545455	2.2	
54	0.545455	2.2	
55	0.545455	2.2	
56	0.545455	2.2	
57	0.545455	2.2	
58	0.545455	2.2	
59	0.545455	2.2	
60	0.545455	2.2	
61	0.545455	2.2	
62	0.545455	2.2	
63	0.545455	2.2	
64	0.545455	2.2	
65	0.545455	2.2	
66	0.545455	2.2	
67	0.545455	2.2	
68	0.545455	2.2	
69	0.545455	2.2	
70	0.545455	2.2	
71	0.545455	2.2	
72	0.545455	2.2	
73	0.545455	2.2	
74	0.545455	2.2	
75	0.545455	2.2	
76	0.545455	2.2	
77	0.545455	2.2	
78	0.545455	2.2	
79	0.545455	2.2	
80	0.545455	2.2	
81	0.545455	2.2	
82	0.545455	2.2	
83	0.545455	2.2	
84	0.545455	2.2	
85	0.545455	2.2	
86	0.545455	2.2	
87	0.545455	2.2	
88	0.545455	2.2	
89	0.545455	2.2	
90	0.545455	2.2	
91	0.545455	2.2	
92	0.545455	2.2	
93	0.545455	2.2	
94	0.545455	2.2	
95	0.545455	2.2	
96	0.545455	2.2	
97	0.545455	2.2	
98	0.545455	2.2	
99	0.545455	2.2	
100	0.545455	2.2	
20	0.565217	2.3	
21	0.565217	2.3	
22	0.565217	2.3	
23	0.565217	2.3	
24	0.565217	2.3	
25	0.565217	2.3	
26	0.565217	2.3	
27	0.565217	2.3	
28	0.565217	2.3	
29	0.565217	2.3	
30	0.565217	2.3	
31	0.565217	2.3	
32	0.565217	2.3	
33	0.565217	2.3	
34	0.565217	2.3	
35	0.565217	2.3	
36	0.565217	2.3	
37	0.565217	2.3	
38	0.565217	2.3	
39	0.565217	2.3	
40	0.565217	2.3	
41	0.565217	2.3	
42	0.565217	2.3	
43	0.565217	2.3	
44	0.565217	2.3	
45	0.565217	2.3	
46	0.565217	2.3	
47	0.565217	2.3	
48	0.565217	2.3	
49	0.565217	2.3	
50	0.565217	2.3	
51	0.565217	2.3	
52	0.565217	2.3	
53	0.565217	2.3	
54	0.565217	2.3	
55	0.565217	2.3	
56	0.565217	2.3	
57	0.565217	2.3	
58	0.565217	2.3	
59	0.565217	2.3	
60	0.565217	2.3	
61	0.565217	2.3	
62	0.565217	2.3	
63	0.565217	2.3	
64	0.565217	2.3	
65	0.565217	2.3	
66	0.565217	2.3	
67	0.565217	2.3	
68	0.565217	2.3	
69	0.565217	2.3	
70	0.565217	2.3	
71	0.565217	2.3	
72	0.565217	2.3	
73	0.565217	2.3	
74	0.565217	2.3	
75	0.565217	2.3	
76	0.565217	2.3	
77	0.565217	2.3	
78	0.565217	2.3	
79	0.565217	2.3	
80	0.565217	2.3	
81	0.565217	2.3	
82	0.565217	2.3	
83	0.565217	2.3	
84	0.565217	2.3	
85	0.565217	2.3	
86	0.565217	2.3	
87	0.565217	2.3	
88	0.565217	2.3	
89	0.565217	2.3	
90	0.565217	2.3	
91	0.565217	2.3	
92	0.565217	2.3	
93	0.565217	2.3	
94	0.565217	2.3	
95	0.565217	2.3	
96	0.565217	2.3	
97	0.565217	2.3	
98	0.565217	2.3	
99	0.565217	2.3	
100	0.565217	2.3	
20	0.583333	2.4	
21	0.583333	2.4	
22	0.583333	2.4	
23	0.583333	2.4	
24	0.583333	2.4	
25	0.583333	2.4	
26	0.583333	2.4	
27	0.583333	2.4	
28	0.583333	2.4	
29	0.583333	2.4	
30	0.583333	2.4	
31	0.583333	2.4	
32	0.583333	2.4	
33	0.583333	2.4	
34	0.583333	2.4	
35	0.583333	2.4	
36	0.583333	2.4	
37	0.583333	2.4	
38	0.583333	2.4	
39	0.583333	2.4	
40	0.583333	2.4	
41	0.583333	2.4	
42	0.583333	2.4	
43	0.583333	2.4	
44	0.583333	2.4	
45	0.583333	2.4	
46	0.583333	2.4	
47	0.583333	2.4	
48	0.583333	2.4	
49	0.583333	2.4	
50	0.583333	2.4	
51	0.583333	2.4	
52	0.583333	2.4	
53	0.583333	2.4	
54	0.583333	2.4	
55	0.583333	2.4	
56	0.583333	2.4	
57	0.583333	2.4	
58	0.583333	2.4	
59	0.583333	2.4	
60	0.583333	2.4	
61	0.583333	2.4	
62	0.583333	2.4	
63	0.583333	2.4	
64	0.583333	2.4	
65	0.583333	2.4	
66	0.583333	2.4	
67	0.583333	2.4	
68	0.583333	2.4	
69	0.583333	2.4	
70	0.583333	2.4	
71	0.583333	2.4	
72	0.583333	2.4	
73	0.583333	2.4	
74	0.583333	2.4	
75	0.583333	2.4	
76	0.583333	2.4	
77	0.583333	2.4	
78	0.583333	2.4	
79	0.583333	2.4	
80	0.583333	2.4	
81	0.583333	2.4	
82	0.583333	2.4	
83	0.583333	2.4	
84	0.583333	2.4	
85	0.583333	2.4	
86	0.583333	2.4	
87	0.583333	2.4	
88	0.583333	2.4	
89	0.583333	2.4	
90	0.583333	2.4	
91	0.583333	2.4	
92	0.583333	2.4	
93	0.583333	2.4	
94	0.583333	2.4	
95	0.583333	2.4	
96	0.583333	2.4	
97	0.583333	2.4	
98	0.583333	2.4	
99	0.583333	2.4	
100	0.583333	2.4	
20	0.6	2.5	
21	0.6	2.5	
22	0.6	2.5	
23	0.6	2.5	
24	0.6	2.5	
25	0.6	2.5	
26	0.6	2.5	
27	0.6	2.5	
28	0.6	2.5	
29	0.6	2.5	
30	0.6	2.5	
31	0.6	2.5	
32	0.6	2.5	
33	0.6	2.5	
34	0.6	2.5	
35	0.6	2.5	
36	0.6	2.5	
37	0.6	2.5	
38	0.6	2.5	
39	0.6	2.5	
40	0.6	2.5	
41	0.6	2.5	
42	0.6	2.5	
43	0.6	2.5	
44	0.6	2.5	
45	0.6	2.5	
46	0.6	2.5	
47	0.6	2.5	
48	0.6	2.5	
49	0.6	2.5	
50	0.6	2.5	
51	0.6	2.5	
52	0.6	2.5	
53	0.6	2.5	
54	0.6	2.5	
55	0.6	2.5	
56	0.6	2.5	
57	0.6	2.5	
58	0.6	2.5	
59	0.6	2.5	
60	0.6	2.5	
61	0.6	2.5	
62	0.6	2.5	
63	0.6	2.5	
64	0.6	2.5	
65	0.6	2.5	
66	0.6	2.5	
67	0.6	2.5	
68	0.6	2.5	
69	0.6	2.5	
70	0.6	2.5	
71	0.6	2.5	
72	0.6	2.5	
73	0.6	2.5	
74	0.6	2.5	
75	0.6	2.5	
76	0.6	2.5	
77	0.6	2.5	
78	0.6	2.5	
79	0.6	2.5	
80	0.6	2.5	
81	0.6	2.5	
82	0.6	2.5	
83	0.6	2.5	
84	0.6	2.5	
85	0.6	2.5	
86	0.6	2.5	
87	0.6	2.5	
88	0.6	2.5	
89	0.6	2.5	
90	0.6	2.5	
91	0.6	2.5	
92	0.6	2.5	
93	0.6	2.5	
94	0.6	2.5	
95	0.6	2.5	
96	0.6	2.5	
97	0.6	2.5	
98	0.6	2.5	
99	0.6	2.5	
100	0.6	2.5	
20	0.615382	2.6	
21	0.615386	2.6	
22	0.615384	2.6	
23	0.615385	2.6	
24	0.615384	2.6	
25	0.615385	2.6	
26	0.615385	2.6	
27	0.615385	2.6	
28	0.615385	2.6	
29	0.615385	2.6	
30	0.615385	2.6	
31	0.615385	2.6	
32	0.615385	2.6	
33	0.615385	2.6	
34	0.615385	2.6	
35	0.615385	2.6	
36	0.615385	2.6	
37	0.615385	2.6	
38	0.615385	2.6	
39	0.615385	2.6	
40	0.615385	2.6	
41	0.615385	2.6	
42	0.615385	2.6	
43	0.615385	2.6	
44	0.615385	2.6	
45	0.615385	2.6	
46	0.615385	2.6	
47	0.615385	2.6	
48	0.615385	2.6	
49	0.615385	2.6	
50	0.615385	2.6	
51	0.615385	2.6	
52	0.615385	2.6	
53	0.615385	2.6	
54	0.615385	2.6	
55	0.615385	2.6	
56	0.615385	2.6	
57	0.615385	2.6	
58	0.615385	2.6	
59	0.615385	2.6	
60	0.615385	2.6	
61	0.615385	2.6	
62	0.615385	2.6	
63	0.615385	2.6	
64	0.615385	2.6	
65	0.615385	2.6	
66	0.615385	2.6	
67	0.615385	2.6	
68	0.615385	2.6	
69	0.615385	2.6	
70	0.615385	2.6	
71	0.615385	2.6	
72	0.615385	2.6	
73	0.615385	2.6	
74	0.615385	2.6	
75	0.615385	2.6	
76	0.615385	2.6	
77	0.615385	2.6	
78	0.615385	2.6	
79	0.615385	2.6	
80	0.615385	2.6	
81	0.615385	2.6	
82	0.615385	2.6	
83	0.615385	2.6	
84	0.615385	2.6	
85	0.615385	2.6	
86	0.615385	2.6	
87	0.615385	2.6	
88	0.615385	2.6	
89	0.615385	2.6	
90	0.615385	2.6	
91	0.615385	2.6	
92	0.615385	2.6	
93	0.615385	2.6	
94	0.615385	2.6	
95	0.615385	2.6	
96	0.615385	2.6	
97	0.615385	2.6	
98	0.615385	2.6	
99	0.615385	2.6	
100	0.615385	2.6	
20	0.629576	2.7	
21	0.629667	2.7	
22	0.629603	2.7	
23	0.629648	2.7	
24	0.629617	2.7	
25	0.629639	2.7	
26	0.629623	2.7	
27	0.629634	2.7	
28	0.629627	2.7	
29	0.629632	2.7	
30	0.629628	2.7	
31	0.629631	2.7	
32	0.629629	2.7	
33	0.62963	2.7	
34	0.629629	2.7	
35	0.62963	2.7	
36	0.629629	2.7	
37	0.62963	2.7	
38	0.62963	2.7	
39	0.62963	2.7	
40	0.62963	2.7	
41	0.62963	2.7	
42	0.62963	2.7	
43	0.62963	2.7	
44	0.62963	2.7	
45	0.62963	2.7	
46	0.62963	2.7	
47	0.62963	2.7	
48	0.62963	2.7	
49	0.62963	2.7	
50	0.62963	2.7	
51	0.62963	2.7	
52	0.62963	2.7	
53	0.62963	2.7	
54	0.62963	2.7	
55	0.62963	2.7	
56	0.62963	2.7	
57	0.62963	2.7	
58	0.62963	2.7	
59	0.62963	2.7	
60	0.62963	2.7	
61	0.62963	2.7	
62	0.62963	2.7	
63	0.62963	2.7	
64	0.62963	2.7	
65	0.62963	2.7	
66	0.62963	2.7	
67	0.62963	2.7	
68	0.62963	2.7	
69	0.62963	2.7	
70	0.62963	2.7	
71	0.62963	2.7	
72	0.62963	2.7	
73	0.62963	2.7	
74	0.62963	2.7	
75	0.62963	2.7	
76	0.62963	2.7	
77	0.62963	2.7	
78	0.62963	2.7	
79	0.62963	2.7	
80	0.62963	2.7	
81	0.62963	2.7	
82	0.62963	2.7	
83	0.62963	2.7	
84	0.62963	2.7	
85	0.62963	2.7	
86	0.62963	2.7	
87	0.62963	2.7	
88	0.62963	2.7	
89	0.62963	2.7	
90	0.62963	2.7	
91	0.62963	2.7	
92	0.62963	2.7	
93	0.62963	2.7	
94	0.62963	2.7	
95	0.62963	2.7	
96	0.62963	2.7	
97	0.62963	2.7	
98	0.62963	2.7	
99	0.62963	2.7	
100	0.62963	2.7	
20	0.642037	2.8	
21	0.643511	2.8	
22	0.642332	2.8	
23	0.643276	2.8	
24	0.642521	2.8	
25	0.643125	2.8	
26	0.642642	2.8	
27	0.643029	2.8	
28	0.64272	2.8	
29	0.642967	2.8	
30	0.642769	2.8	
31	0.642927	2.8	
32	0.642801	2.8	
33	0.642902	2.8	
34	0.642821	2.8	
35	0.642886	2.8	
36	0.642834	2.8	
37	0.642876	2.8	
38	0.642842	2.8	
39	0.642869	2.8	
40	0.642848	2.8	
41	0.642865	2.8	
42	0.642851	2.8	
43	0.642862	2.8	
44	0.642853	2.8	
45	0.64286	2.8	
46	0.642855	2.8	
47	0.642859	2.8	
48	0.642856	2.8	
49	0.642858	2.8	
50	0.642856	2.8	
51	0.642858	2.8	
52	0.642856	2.8	
53	0.642858	2.8	
54	0.642857	2.8	
55	0.642857	2.8	
56	0.642857	2.8	
57	0.642857	2.8	
58	0.642857	2.8	
59	0.642857	2.8	
60	0.642857	2.8	
61	0.642857	2.8	
62	0.642857	2.8	
63	0.642857	2.8	
64	0.642857	2.8	
65	0.642857	2.8	
66	0.642857	2.8	
67	0.642857	2.8	
68	0.642857	2.8	
69	0.642857	2.8	
70	0.642857	2.8	
71	0.642857	2.8	
72	0.642857	2.8	
73	0.642857	2.8	
74	0.642857	2.8	
75	0.642857	2.8	
76	0.642857	2.8	
77	0.642857	2.8	
78	0.642857	2.8	
79	0.642857	2.8	
80	0.642857	2.8	
81	0.642857	2.8	
82	0.642857	2.8	
83	0.642857	2.8	
84	0.642857	2.8	
85	0.642857	2.8	
86	0.642857	2.8	
87	0.642857	2.8	
88	0.642857	2.8	
89	0.642857	2.8	
90	0.642857	2.8	
91	0.642857	2.8	
92	0.642857	2.8	
93	0.642857	2.8	
94	0.642857	2.8	
95	0.642857	2.8	
96	0.642857	2.8	
97	0.642857	2.8	
98	0.642857	2.8	
99	0.642857	2.8	
100	0.642857	2.8	
20	0.646864	2.9	
21	0.66245	2.9	
22	0.648469	2.9	
23	0.661075	2.9	
24	0.649759	2.9	
25	0.659959	2.9	
26	0.650798	2.9	
27	0.659054	2.9	
28	0.651635	2.9	
29	0.65832	2.9	
30	0.652311	2.9	
31	0.657724	2.9	
32	0.652857	2.9	
33	0.657241	2.9	
34	0.653299	2.9	
35	0.656849	2.9	
36	0.653656	2.9	
37	0.656531	2.9	
38	0.653945	2.9	
39	0.656273	2.9	
40	0.654178	2.9	
41	0.656064	2.9	
42	0.654367	2.9	
43	0.655895	2.9	
44	0.654521	2.9	
45	0.655758	2.9	
46	0.654645	2.9	
47	0.655647	2.9	
48	0.654745	2.9	
49	0.655557	2.9	
50	0.654826	2.9	
51	0.655484	2.9	
52	0.654892	2.9	
53	0.655425	2.9	
54	0.654945	2.9	
55	0.655377	2.9	
56	0.654988	2.9	
57	0.655338	2.9	
58	0.655023	2.9	
59	0.655306	2.9	
60	0.655052	2.9	
61	0.655281	2.9	
62	0.655075	2.9	
63	0.65526	2.9	
64	0.655093	2.9	
65	0.655244	2.9	
66	0.655108	2.9	
67	0.65523	2.9	
68	0.65512	2.9	
69	0.655219	2.9	
70	0.65513	2.9	
71	0.65521	2.9	
72	0.655138	2.9	
73	0.655203	2.9	
74	0.655145	2.9	
75	0.655197	2.9	
76	0.65515	2.9	
77	0.655193	2.9	
78	0.655154	2.9	
79	0.655189	2.9	
80	0.655158	2.9	
81	0.655186	2.9	
82	0.655161	2.9	
83	0.655183	2.9	
84	0.655163	2.9	
85	0.655181	2.9	
86	0.655165	2.9	
87	0.655179	2.9	
88	0.655166	2.9	
89	0.655178	2.9	
90	0.655167	2.9	
91	0.655177	2.9	
92	0.655168	2.9	
93	0.655176	2.9	
94	0.655169	2.9	
95	0.655175	2.9	
96	0.65517	2.9	
97	0.655175	2.9	
98	0.65517	2.9	
99	0.655174	2.9	
100	0.655171	2.9	
20	0.618006	3	
21	0.708224	3	
22	0.619929	3	
23	0.706851	3	
24	0.621637	3	
25	0.705613	3	
26	0.62317	3	
27	0.704488	3	
28	0.624555	3	
29	0.703458	3	
30	0.625814	3	
31	0.702513	3	
32	0.626966	3	
33	0.701639	3	
34	0.628025	3	
35	0.700829	3	
36	0.629004	3	
37	0.700074	3	
38	0.629911	3	
39	0.699369	3	
40	0.630755	3	
41	0.698709	3	
42	0.631544	3	
43	0.698088	3	
44	0.632283	3	
45	0.697504	3	
46	0.632977	3	
47	0.696951	3	
48	0.63363	3	
49	0.696429	3	
50	0.634247	3	
51	0.695933	3	
52	0.634831	3	
53	0.695462	3	
54	0.635384	3	
55	0.695014	3	
56	0.635909	3	
57	0.694586	3	
58	0.636409	3	
59	0.694178	3	
60	0.636885	3	
61	0.693788	3	
62	0.637339	3	
63	0.693414	3	
64	0.637773	3	
65	0.693056	3	
66	0.638188	3	
67	0.692712	3	
68	0.638586	3	
69	0.692382	3	
70	0.638968	3	
71	0.692064	3	
72	0.639335	3	
73	0.691758	3	
74	0.639687	3	
75	0.691463	3	
76	0.640026	3	
77	0.691178	3	
78	0.640353	3	
79	0.690903	3	
80	0.640668	3	
81	0.690637	3	
82	0.640972	3	
83	0.690381	3	
84	0.641266	3	
85	0.690132	3	
86	0.641549	3	
87	0.689891	3	
88	0.641824	3	
89	0.689658	3	
90	0.64209	3	
91	0.689432	3	
92	0.642347	3	
93	0.689212	3	
94	0.642596	3	
95	0.688999	3	
96	0.642838	3	
97	0.688792	3	
98	0.643073	3	
99	0.68859	3	
100	0.643301	3	
20	0.557904	3.1	
21	0.764606	3.1	
22	0.557949	3.1	
23	0.76459	3.1	
24	0.557976	3.1	
25	0.76458	3.1	
26	0.557992	3.1	
27	0.764575	3.1	
28	0.558001	3.1	
29	0.764571	3.1	
30	0.558006	3.1	
31	0.764569	3.1	
32	0.558009	3.1	
33	0.764568	3.1	
34	0.558011	3.1	
35	0.764568	3.1	
36	0.558013	3.1	
37	0.764567	3.1	
38	0.558013	3.1	
39	0.764567	3.1	
40	0.558014	3.1	
41	0.764567	3.1	
42	0.558014	3.1	
43	0.764567	3.1	
44	0.558014	3.1	
45	0.764567	3.1	
46	0.558014	3.1	
47	0.764567	3.1	
48	0.558014	3.1	
49	0.764567	3.1	
50	0.558014	3.1	
51	0.764567	3.1	
52	0.558014	3.1	
53	0.764567	3.1	
54	0.558014	3.1	
55	0.764567	3.1	
56	0.558014	3.1	
57	0.764567	3.1	
58	0.558014	3.1	
59	0.764567	3.1	
60	0.558014	3.1	
61	0.764567	3.1	
62	0.558014	3.1	
63	0.764567	3.1	
64	0.558014	3.1	
65	0.764567	3.1	
66	0.558014	3.1	
67	0.764567	3.1	
68	0.558014	3.1	
69	0.764567	3.1	
70	0.558014	3.1	
71	0.764567	3.1	
72	0.558014	3.1	
73	0.764567	3.1	
74	0.558014	3.1	
75	0.764567	3.1	
76	0.558014	3.1	
77	0.764567	3.1	
78	0.558014	3.1	
79	0.764567	3.1	
80	0.558014	3.1	
81	0.764567	3.1	
82	0.558014	3.1	
83	0.764567	3.1	
84	0.558014	3.1	
85	0.764567	3.1	
86	0.558014	3.1	
87	0.764567	3.1	
88	0.558014	3.1	
89	0.764567	3.1	
90	0.558014	3.1	
91	0.764567	3.1	
92	0.558014	3.1	
93	0.764567	3.1	
94	0.558014	3.1	
95	0.764567	3.1	
96	0.558014	3.1	
97	0.764567	3.1	
98	0.558014	3.1	
99	0.764567	3.1	
100	0.558014	3.1	
20	0.513045	3.2	
21	0.799455	3.2	
22	0.513045	3.2	
23	0.799455	3.2	
24	0.513045	3.2	
25	0.799455	3.2	
26	0.513045	3.2	
27	0.799455	3.2	
28	0.513045	3.2	
29	0.799455	3.2	
30	0.513045	3.2	
31	0.799455	3.2	
32	0.513045	3.2	
33	0.799455	3.2	
34	0.513045	3.2	
35	0.799455	3.2	
36	0.513045	3.2	
37	0.799455	3.2	
38	0.513045	3.2	
39	0.799455	3.2	
40	0.513045	3.2	
41	0.799455	3.2	
42	0.513045	3.2	
43	0.799455	3.2	
44	0.513045	3.2	
45	0.799455	3.2	
46	0.513045	3.2	
47	0.799455	3.2	
48	0.513045	3.2	
49	0.799455	3.2	
50	0.513045	3.2	
51	0.799455	3.2	
52	0.513045	3.2	
53	0.799455	3.2	
54	0.513045	3.2	
55	0.799455	3.2	
56	0.513045	3.2	
57	0.799455	3.2	
58	0.513045	3.2	
59	0.799455	3.2	
60	0.513045	3.2	
61	0.799455	3.2	
62	0.513045	3.2	
63	0.799455	3.2	
64	0.513045	3.2	
65	0.799455	3.2	
66	0.513045	3.2	
67	0.799455	3.2	
68	0.513045	3.2	
69	0.799455	3.2	
70	0.513045	3.2	
71	0.799455	3.2	
72	0.513045	3.2	
73	0.799455	3.2	
74	0.513045	3.2	
75	0.799455	3.2	
76	0.513045	3.2	
77	0.799455	3.2	
78	0.513045	3.2	
79	0.799455	3.2	
80	0.513045	3.2	
81	0.799455	3.2	
82	0.513045	3.2	
83	0.799455	3.2	
84	0.513045	3.2	
85	0.799455	3.2	
86	0.513045	3.2	
87	0.799455	3.2	
88	0.513045	3.2	
89	0.799455	3.2	
90	0.513045	3.2	
91	0.799455	3.2	
92	0.513045	3.2	
93	0.799455	3.2	
94	0.513045	3.2	
95	0.799455	3.2	
96	0.513045	3.2	
97	0.799455	3.2	
98	0.513045	3.2	
99	0.799455	3.2	
100	0.513045	3.2	
20	0.479427	3.3	
21	0.823603	3.3	
22	0.479427	3.3	
23	0.823603	3.3	
24	0.479427	3.3	
25	0.823603	3.3	
26	0.479427	3.3	
27	0.823603	3.3	
28	0.479427	3.3	
29	0.823603	3.3	
30	0.479427	3.3	
31	0.823603	3.3	
32	0.479427	3.3	
33	0.823603	3.3	
34	0.479427	3.3	
35	0.823603	3.3	
36	0.479427	3.3	
37	0.823603	3.3	
38	0.479427	3.3	
39	0.823603	3.3	
40	0.479427	3.3	
41	0.823603	3.3	
42	0.479427	3.3	
43	0.823603	3.3	
44	0.479427	3.3	
45	0.823603	3.3	
46	0.479427	3.3	
47	0.823603	3.3	
48	0.479427	3.3	
49	0.823603	3.3	
50	0.479427	3.3	
51	0.823603	3.3	
52	0.479427	3.3	
53	0.823603	3.3	
54	0.479427	3.3	
55	0.823603	3.3	
56	0.479427	3.3	
57	0.823603	3.3	
58	0.479427	3.3	
59	0.823603	3.3	
60	0.479427	3.3	
61	0.823603	3.3	
62	0.479427	3.3	
63	0.823603	3.3	
64	0.479427	3.3	
65	0.823603	3.3	
66	0.479427	3.3	
67	0.823603	3.3	
68	0.479427	3.3	
69	0.823603	3.3	
70	0.479427	3.3	
71	0.823603	3.3	
72	0.479427	3.3	
73	0.823603	3.3	
74	0.479427	3.3	
75	0.823603	3.3	
76	0.479427	3.3	
77	0.823603	3.3	
78	0.479427	3.3	
79	0.823603	3.3	
80	0.479427	3.3	
81	0.823603	3.3	
82	0.479427	3.3	
83	0.823603	3.3	
84	0.479427	3.3	
85	0.823603	3.3	
86	0.479427	3.3	
87	0.823603	3.3	
88	0.479427	3.3	
89	0.823603	3.3	
90	0.479427	3.3	
91	0.823603	3.3	
92	0.479427	3.3	
93	0.823603	3.3	
94	0.479427	3.3	
95	0.823603	3.3	
96	0.479427	3.3	
97	0.823603	3.3	
98	0.479427	3.3	
99	0.823603	3.3	
100	0.479427	3.3	
20	0.453562	3.4	
21	0.842668	3.4	
22	0.450768	3.4	
23	0.841759	3.4	
24	0.452883	3.4	
25	0.842452	3.4	
26	0.451271	3.4	
27	0.841927	3.4	
28	0.452493	3.4	
29	0.842327	3.4	
30	0.451563	3.4	
31	0.842023	3.4	
32	0.452269	3.4	
33	0.842254	3.4	
34	0.451732	3.4	
35	0.842079	3.4	
36	0.45214	3.4	
37	0.842212	3.4	
38	0.451829	3.4	
39	0.842111	3.4	
40	0.452065	3.4	
41	0.842188	3.4	
42	0.451886	3.4	
43	0.842129	3.4	
44	0.452022	3.4	
45	0.842174	3.4	
46	0.451919	3.4	
47	0.84214	3.4	
48	0.451997	3.4	
49	0.842165	3.4	
50	0.451937	3.4	
51	0.842146	3.4	
52	0.451983	3.4	
53	0.842161	3.4	
54	0.451948	3.4	
55	0.84215	3.4	
56	0.451975	3.4	
57	0.842158	3.4	
58	0.451955	3.4	
59	0.842152	3.4	
60	0.45197	3.4	
61	0.842157	3.4	
62	0.451958	3.4	
63	0.842153	3.4	
64	0.451967	3.4	
65	0.842156	3.4	
66	0.45196	3.4	
67	0.842153	3.4	
68	0.451965	3.4	
69	0.842155	3.4	
70	0.451962	3.4	
71	0.842154	3.4	
72	0.451965	3.4	
73	0.842155	3.4	
74	0.451962	3.4	
75	0.842154	3.4	
76	0.451964	3.4	
77	0.842155	3.4	
78	0.451963	3.4	
79	0.842154	3.4	
80	0.451964	3.4	
81	0.842155	3.4	
82	0.451963	3.4	
83	0.842154	3.4	
84	0.451963	3.4	
85	0.842154	3.4	
86	0.451963	3.4	
87	0.842154	3.4	
88	0.451963	3.4	
89	0.842154	3.4	
90	0.451963	3.4	
91	0.842154	3.4	
92	0.451963	3.4	
93	0.842154	3.4	
94	0.451963	3.4	
95	0.842154	3.4	
96	0.451963	3.4	
97	0.842154	3.4	
98	0.451963	3.4	
99	0.842154	3.4	
100	0.451963	3.4	
20	0.500884	3.5	
21	0.874997	3.5	
22	0.38282	3.5	
23	0.826941	3.5	
24	0.500884	3.5	
25	0.874997	3.5	
26	0.38282	3.5	
27	0.826941	3.5	
28	0.500884	3.5	
29	0.874997	3.5	
30	0.38282	3.5	
31	0.826941	3.5	
32	0.500884	3.5	
33	0.874997	3.5	
34	0.38282	3.5	
35	0.826941	3.5	
36	0.500884	3.5	
37	0.874997	3.5	
38	0.38282	3.5	
39	0.826941	3.5	
40	0.500884	3.5	
41	0.874997	3.5	
42	0.38282	3.5	
43	0.826941	3.5	
44	0.500884	3.5	
45	0.874997	3.5	
46	0.38282	3.5	
47	0.826941	3.5	
48	0.500884	3.5	
49	0.874997	3.5	
50	0.38282	3.5	
51	0.826941	3.5	
52	0.500884	3.5	
53	0.874997	3.5	
54	0.38282	3.5	
55	0.826941	3.5	
56	0.500884	3.5	
57	0.874997	3.5	
58	0.38282	3.5	
59	0.826941	3.5	
60	0.500884	3.5	
61	0.874997	3.5	
62	0.38282	3.5	
63	0.826941	3.5	
64	0.500884	3.5	
65	0.874997	3.5	
66	0.38282	3.5	
67	0.826941	3.5	
68	0.500884	3.5	
69	0.874997	3.5	
70	0.38282	3.5	
71	0.826941	3.5	
72	0.500884	3.5	
73	0.874997	3.5	
74	0.38282	3.5	
75	0.826941	3.5	
76	0.500884	3.5	
77	0.874997	3.5	
78	0.38282	3.5	
79	0.826941	3.5	
80	0.500884	3.5	
81	0.874997	3.5	
82	0.38282	3.5	
83	0.826941	3.5	
84	0.500884	3.5	
85	0.874997	3.5	
86	0.38282	3.5	
87	0.826941	3.5	
88	0.500884	3.5	
89	0.874997	3.5	
90	0.38282	3.5	
91	0.826941	3.5	
92	0.500884	3.5	
93	0.874997	3.5	
94	0.38282	3.5	
95	0.826941	3.5	
96	0.500884	3.5	
97	0.874997	3.5	
98	0.38282	3.5	
99	0.826941	3.5	
100	0.500884	3.5	
20	0.331418	3.6	
21	0.797689	3.6	
22	0.580973	3.6	
23	0.876396	3.6	
24	0.389974	3.6	
25	0.856419	3.6	
26	0.442675	3.6	
27	0.88817	3.6	
28	0.357567	3.6	
29	0.826966	3.6	
30	0.515136	3.6	
31	0.899175	3.6	
32	0.326373	3.6	
33	0.791473	3.6	
34	0.594157	3.6	
35	0.868084	3.6	
36	0.412251	3.6	
37	0.87228	3.6	
38	0.401067	3.6	
39	0.864764	3.6	
40	0.42101	3.6	
41	0.877538	3.6	
42	0.386874	3.6	
43	0.853929	3.6	
44	0.449044	3.6	
45	0.890652	3.6	
46	0.350606	3.6	
47	0.819653	3.6	
48	0.532158	3.6	
49	0.896277	3.6	
50	0.334672	3.6	
51	0.8016	3.6	
52	0.572535	3.6	
53	0.881059	3.6	
54	0.377258	3.6	
55	0.845763	3.6	
56	0.469611	3.6	
57	0.896676	3.6	
58	0.333535	3.6	
59	0.800242	3.6	
60	0.575478	3.6	
61	0.879491	3.6	
62	0.381552	3.6	
63	0.849492	3.6	
64	0.460279	3.6	
65	0.89432	3.6	
66	0.340242	3.6	
67	0.808118	3.6	
68	0.558227	3.6	
69	0.887795	3.6	
70	0.358615	3.6	
71	0.828037	3.6	
72	0.51261	3.6	
73	0.899428	3.6	
74	0.325647	3.6	
75	0.790564	3.6	
76	0.596061	3.6	
77	0.86678	3.6	
78	0.4157	3.6	
79	0.874416	3.6	
80	0.395325	3.6	
81	0.860555	3.6	
82	0.432	3.6	
83	0.883354	3.6	
84	0.370944	3.6	
85	0.84004	3.6	
86	0.483742	3.6	
87	0.899048	3.6	
88	0.326737	3.6	
89	0.791928	3.6	
90	0.593201	3.6	
91	0.868729	3.6	
92	0.41054	3.6	
93	0.871189	3.6	
94	0.403987	3.6	
95	0.866813	3.6	
96	0.415612	3.6	
97	0.874363	3.6	
98	0.395467	3.6	
99	0.860662	3.6	
100	0.431722	3.6	
20	0.264924	3.7	
21	0.720535	3.7	
22	0.745047	3.7	
23	0.702822	3.7	
24	0.772795	3.7	
25	0.649657	3.7	
26	0.84213	3.7	
27	0.491904	3.7	
28	0.924757	3.7	
29	0.25745	3.7	
30	0.707327	3.7	
31	0.765957	3.7	
32	0.663287	3.7	
33	0.826348	3.7	
34	0.530938	3.7	
35	0.921458	3.7	
36	0.267779	3.7	
37	0.725472	3.7	
38	0.736901	3.7	
39	0.717348	3.7	
40	0.750211	3.7	
41	0.693359	3.7	
42	0.786665	3.7	
43	0.620946	3.7	
44	0.870877	3.7	
45	0.416066	3.7	
46	0.898934	3.7	
47	0.336151	3.7	
48	0.825668	3.7	
49	0.532578	3.7	
50	0.921073	3.7	
51	0.268981	3.7	
52	0.727532	3.7	
53	0.733449	3.7	
54	0.723356	3.7	
55	0.740414	3.7	
56	0.711144	3.7	
57	0.760047	3.7	
58	0.674789	3.7	
59	0.811961	3.7	
60	0.564918	3.7	
61	0.909407	3.7	
62	0.304827	3.7	
63	0.784058	3.7	
64	0.62645	3.7	
65	0.865838	3.7	
66	0.4298	3.7	
67	0.906766	3.7	
68	0.312802	3.7	
69	0.795341	3.7	
70	0.602263	3.7	
71	0.886306	3.7	
72	0.372839	3.7	
73	0.865172	3.7	
74	0.431604	3.7	
75	0.907691	3.7	
76	0.310015	3.7	
77	0.791451	3.7	
78	0.610709	3.7	
79	0.879651	3.7	
80	0.3917	3.7	
81	0.881603	3.7	
82	0.386202	3.7	
83	0.877085	3.7	
84	0.398884	3.7	
85	0.88717	3.7	
86	0.370368	3.7	
87	0.862824	3.7	
88	0.437928	3.7	
89	0.910744	3.7	
90	0.300771	3.7	
91	0.778139	3.7	
92	0.638764	3.7	
93	0.853755	3.7	
94	0.461973	3.7	
95	0.91965	3.7	
96	0.273408	3.7	
97	0.735028	3.7	
98	0.720619	3.7	
99	0.744911	3.7	
100	0.703069	3.7	
20	0.23963	3.8	
21	0.692388	3.8	
22	0.80935	3.8	
23	0.586351	3.8	
24	0.921665	3.8	
25	0.274354	3.8	
26	0.756518	3.8	
27	0.699954	3.8	
28	0.79807	3.8	
29	0.612387	3.8	
30	0.902003	3.8	
31	0.335897	3.8	
32	0.847666	3.8	
33	0.490687	3.8	
34	0.94967	3.8	
35	0.181627	3.8	
36	0.564826	3.8	
37	0.934031	3.8	
38	0.234146	3.8	
39	0.681422	3.8	
40	0.824927	3.8	
41	0.548805	3.8	
42	0.940949	3.8	
43	0.211145	3.8	
44	0.632938	3.8	
45	0.882845	3.8	
46	0.393034	3.8	
47	0.906521	3.8	
48	0.322014	3.8	
49	0.829619	3.8	
50	0.537134	3.8	
51	0.94476	3.8	
52	0.198317	3.8	
53	0.604151	3.8	
54	0.90878	3.8	
55	0.315016	3.8	
56	0.819968	3.8	
57	0.560958	3.8	
58	0.93588	3.8	
59	0.228034	3.8	
60	0.66893	3.8	
61	0.841558	3.8	
62	0.506686	3.8	
63	0.94983	3.8	
64	0.181081	3.8	
65	0.563504	3.8	
66	0.934675	3.8	
67	0.232017	3.8	
68	0.677104	3.8	
69	0.830809	3.8	
70	0.534148	3.8	
71	0.945569	3.8	
72	0.19558	3.8	
73	0.597847	3.8	
74	0.913619	3.8	
75	0.299895	3.8	
76	0.79784	3.8	
77	0.612907	3.8	
78	0.901558	3.8	
79	0.337256	3.8	
80	0.849354	3.8	
81	0.486216	3.8	
82	0.949278	3.8	
83	0.182967	3.8	
84	0.568063	3.8	
85	0.932396	3.8	
86	0.239528	3.8	
87	0.692186	3.8	
88	0.809646	3.8	
89	0.585654	3.8	
90	0.922121	3.8	
91	0.272894	3.8	
92	0.754006	3.8	
93	0.704827	3.8	
94	0.790574	3.8	
95	0.629154	3.8	
96	0.886613	3.8	
97	0.382015	3.8	
98	0.897103	3.8	
99	0.350776	3.8	
100	0.865383	3.8	
20	0.327834	3.9	
21	0.859399	3.9	
22	0.471246	3.9	
23	0.971776	3.9	
24	0.106968	3.9	
25	0.372552	3.9	
26	0.911652	3.9	
27	0.314115	3.9	
28	0.840243	3.9	
29	0.523515	3.9	
30	0.972843	3.9	
31	0.103034	3.9	
32	0.360431	3.9	
33	0.89903	3.9	
34	0.354021	3.9	
35	0.891892	3.9	
36	0.376041	3.9	
37	0.915073	3.9	
38	0.303086	3.9	
39	0.823777	3.9	
40	0.566156	3.9	
41	0.957931	3.9	
42	0.157166	3.9	
43	0.516614	3.9	
44	0.973924	3.9	
45	0.0990464	3.9	
46	0.348021	3.9	
47	0.884919	3.9	
48	0.397164	3.9	
49	0.933757	3.9	
50	0.241235	3.9	
51	0.713858	3.9	
52	0.796633	3.9	
53	0.631835	3.9	
54	0.907217	3.9	
55	0.328281	3.9	
56	0.86	3.9	
57	0.469561	3.9	
58	0.971387	3.9	
59	0.108399	3.9	
60	0.37693	3.9	
61	0.91593	3.9	
62	0.300309	3.9	
63	0.819481	3.9	
64	0.576934	3.9	
65	0.951916	3.9	
66	0.178509	3.9	
67	0.57191	3.9	
68	0.954833	3.9	
69	0.168195	3.9	
70	0.545632	3.9	
71	0.966879	3.9	
72	0.124894	3.9	
73	0.426251	3.9	
74	0.953788	3.9	
75	0.171897	3.9	
76	0.555159	3.9	
77	0.963134	3.9	
78	0.138476	3.9	
79	0.465271	3.9	
80	0.970296	3.9	
81	0.112404	3.9	
82	0.389101	3.9	
83	0.927035	3.9	
84	0.2638	3.9	
85	0.757417	3.9	
86	0.716573	3.9	
87	0.792076	3.9	
88	0.642298	3.9	
89	0.89603	3.9	
90	0.363325	3.9	
91	0.902148	3.9	
92	0.344281	3.9	
93	0.880431	3.9	
94	0.410562	3.9	
95	0.943803	3.9	
96	0.206851	3.9	
97	0.639849	3.9	
98	0.898725	3.9	
99	0.354973	3.9	
100	0.892972	3.9	
20	-0.000122075	4	
21	-0.000488361	4	
22	-0.0019544	4	
23	-0.00783287	4	
24	-0.0315769	4	
25	-0.130296	4	
26	-0.589092	4	
27	-3.74448	4	
28	-71.0626	4	
29	-20483.8	4	
30	-1.67843e+09	4	
31	-1.12685e+19	4	
32	-5.07913e+38	4	
33	-1.0319e+78	4	
34	-4.25929e+156	4	
35	-inf	4	
36	-inf	4	
37	-inf	4	
38	-inf	4	
39	-inf	4	
40	-inf	4	
41	-inf	4	
42	-inf	4	
43	-inf	4	
44	-inf	4	
45	-inf	4	
46	-inf	4	
47	-inf	4	
48	-inf	4	
49	-inf	4	
50	-inf	4	
51	-inf	4	
52	-inf	4	
53	-inf	4	
54	-inf	4	
55	-inf	4	
56	-inf	4	
57	-inf	4	
58	-inf	4	
59	-inf	4	
60	-inf	4	
61	-inf	4	
62	-inf	4	
63	-inf	4	
64	-inf	4	
65	-inf	4	
66	-inf	4	
67	-inf	4	
68	-inf	4	
69	-inf	4	
70	-inf	4	
71	-inf	4	
72	-inf	4	
73	-inf	4	
74	-inf	4	
75	-inf	4	
76	-inf	4	
77	-inf	4	
78	-inf	4	
79	-inf	4	
80	-inf	4	
81	-inf	4	
82	-inf	4	
83	-inf	4	
84	-inf	4	
85	-inf	4	
86	-inf	4	
87	-inf	4	
88	-inf	4	
89	-inf	4	
90	-inf	4	
91	-inf	4	
92	-inf	4	
93	-inf	4	
94	-inf	4	
95	-inf	4	
96	-inf	4	
97	-inf	4	
98	-inf	4	
99	-inf	4	
100	-inf	4	
